gamepairs: ['France', 'Denmark', 'Germany', 'Italy', 'Netherlands', 'Norway', 'Sweden', 'Serbia', 
            'Finland', 'Korea', 'Canada', 'Japan']
codes: ['FR', 'DK', 'GE', 'IT', 'NL', 'NO', 'SW', 'RS', 'FI', 'KO', 'CA', 'JA']   

dataFR: [0.0762565 , 0.05285962, 0.05199307, 0.04332756, 0.03986135, 0.03119584, 0.02426343, 0.01733102, 0.00693241, 0.00693241, 0.0034662 ]
dataDK: [0.21984436, 0.11673152, 0.08949416, 0.08949416, 0.08560311, 0.06420233, 0.06225681, 0.04669261, 0.03501946, 0.0077821, 0.00389105]
dataGE: [0.09527825, 0.09443508, 0.07082631, 0.06323777, 0.06070826, 0.05649241, 0.05059022, 0.02698145, 0.02360877, 0.01517707, 0.01096121]
dataIT: [0.09213863, 0.08537616, 0.07607777, 0.06762468, 0.0591716, 0.05579036, 0.05156382, 0.03888419, 0.01437025, 0.00845309, 0.00845309]
dataNL: [0.11824324, 0.08783784, 0.05489865, 0.05236486, 0.04983108, 0.0464527 , 0.03969595, 0.02702703, 0.02027027, 0.0152027, 0.00844595]
dataNO: [0.14860681, 0.13312693, 0.10681115, 0.07120743, 0.06811146, 0.06811146, 0.05882353, 0.04643963, 0.03095975, 0.00928793, 0.00619195]
dataSW: [0.17281879, 0.10822148, 0.10067114, 0.09312081, 0.06543624, 0.05536913, 0.02852349, 0.02516779, 0.0192953 , 0.00838926, 0.00587248]
dataRS: [0.11261261, 0.09009009, 0.06756757, 0.06306306, 0.04954955, 0.04054054, 0.03153153, 0.02702703, 0.02252252, 0.00900901, 0.00900901]
dataFI: [0.22931206, 0.1335992 , 0.11266201, 0.09870389, 0.09870389, 0.09571286, 0.06580259, 0.04187438, 0.03988036, 0.03888335, 0.01395813]
dataKO: [0.08161435, 0.07085202, 0.06726457, 0.06278027, 0.05112108, 0.03946188, 0.03318386, 0.02511211, 0.02331839, 0.0161435, 0.00807175]
dataCA: [0.12027491, 0.09621993, 0.08505155, 0.06099656, 0.05068729, 0.04381443, 0.03264605, 0.0266323 , 0.02061856, 0.01546392, 0.01460481]
dataJA: [0.10517388, 0.09245123, 0.06785411, 0.06276506, 0.06191688, 0.05428329, 0.03986429, 0.03053435, 0.02459712, 0.01696353, 0.01611535]

plot1: task1_plot1
plotID1: plotID1 

